              precision    recall  f1-score   support

           0       1.00      1.00      1.00        28
           1       0.97      1.00      0.98        30
           2       1.00      1.00      1.00        30
           3       1.00      1.00      1.00        26
           4       1.00      1.00      1.00        23
           5       1.00      0.96      0.98        25
           6       1.00      1.00      1.00        27
           7       1.00      1.00      1.00        24
           8       1.00      1.00      1.00        14
           9       1.00      1.00      1.00        18
          10       0.97      1.00      0.98        28
          11       0.96      0.92      0.94        25
          12       1.00      1.00      1.00        29
          13       0.95      0.95      0.95        22
          14       1.00      1.00      1.00        17
          15       1.00      1.00      1.00        24

    accuracy                           0.99       390
   macro avg       0.99      0.99      0.99       390
weighted avg       0.99      0.99      0.99       390
